 ph              0.0   1.0   2.0   3.0   4.0   5.0   6.0   7.0   8.0   9.0  10.0  11.0  12.0  13.0  14.0
NTR01A0001_001 0.000 0.000 0.000 0.000 0.000 0.000 0.012 0.104 0.535 0.918 0.991 1.000 1.000 1.000 1.000
NTR+1A0001_002 1.000 1.000 1.000 1.000 1.000 1.000 0.988 0.896 0.465 0.082 0.009 0.000 0.000 0.000 0.000
ARG01A0001_001 0.000 0.000 0.000 0.000 0.000 0.000 0.000 0.000 0.000 0.000 0.000 0.000 0.000 0.000 0.000
ARG02A0001_002 0.000 0.000 0.000 0.000 0.000 0.000 0.000 0.000 0.000 0.000 0.000 0.002 0.007 0.014 0.018
ARG03A0001_003 0.000 0.000 0.000 0.000 0.000 0.000 0.000 0.000 0.000 0.000 0.000 0.002 0.010 0.019 0.025
ARG03A0001_004 0.000 0.000 0.000 0.000 0.000 0.000 0.000 0.000 0.000 0.000 0.000 0.000 0.002 0.003 0.004
ARG+1A0001_005 1.000 1.000 1.000 1.000 1.000 1.000 1.000 1.000 1.000 1.000 1.000 0.997 0.981 0.964 0.953
PRO01A0002_001 1.000 1.000 1.000 1.000 1.000 1.000 1.000 1.000 1.000 1.000 1.000 1.000 1.000 1.000 1.000
ASP01A0003_001 0.108 0.107 0.099 0.055 0.011 0.001 0.000 0.000 0.000 0.000 0.000 0.000 0.000 0.000 0.000
ASP01A0003_002 0.198 0.196 0.180 0.100 0.019 0.002 0.000 0.000 0.000 0.000 0.000 0.000 0.000 0.000 0.000
ASP02A0003_003 0.542 0.537 0.492 0.273 0.052 0.006 0.001 0.000 0.000 0.000 0.000 0.000 0.000 0.000 0.000
ASP02A0003_004 0.152 0.151 0.138 0.077 0.015 0.002 0.000 0.000 0.000 0.000 0.000 0.000 0.000 0.000 0.000
ASP-1A0003_005 0.000 0.010 0.091 0.496 0.904 0.988 0.998 1.000 1.000 1.000 1.000 1.000 1.000 1.000 1.000
PHE01A0004_001 1.000 1.000 1.000 1.000 1.000 1.000 1.000 1.000 1.000 1.000 1.000 1.000 1.000 1.000 1.000
CYD01A0005_001 1.000 1.000 1.000 1.000 1.000 1.000 1.000 1.000 1.000 1.000 1.000 1.000 1.000 1.000 1.000
LEU01A0006_001 1.000 1.000 1.000 1.000 1.000 1.000 1.000 1.000 1.000 1.000 1.000 1.000 1.000 1.000 1.000
GLU01A0007_001 0.844 0.844 0.843 0.845 0.836 0.719 0.305 0.046 0.006 0.002 0.000 0.000 0.000 0.000 0.000
GLU01A0007_002 0.122 0.122 0.122 0.118 0.113 0.097 0.041 0.006 0.001 0.000 0.000 0.000 0.000 0.000 0.000
GLU02A0007_003 0.033 0.033 0.033 0.033 0.032 0.027 0.012 0.002 0.000 0.000 0.000 0.000 0.000 0.000 0.000
GLU02A0007_004 0.002 0.002 0.002 0.002 0.000 0.002 0.000 0.000 0.000 0.000 0.000 0.000 0.000 0.000 0.000
GLU-1A0007_005 0.000 0.000 0.000 0.002 0.019 0.155 0.642 0.946 0.993 0.998 1.000 1.000 1.000 1.000 1.000
PRO01A0008_001 1.000 1.000 1.000 1.000 1.000 1.000 1.000 1.000 1.000 1.000 1.000 1.000 1.000 1.000 1.000
PRO01A0009_001 1.000 1.000 1.000 1.000 1.000 1.000 1.000 1.000 1.000 1.000 1.000 1.000 1.000 1.000 1.000
TYR01A0010_001 1.000 1.000 1.000 1.000 1.000 1.000 1.000 1.000 0.997 0.982 0.935 0.816 0.416 0.071 0.007
TYR-1A0010_002 0.000 0.000 0.000 0.000 0.000 0.000 0.000 0.000 0.003 0.018 0.065 0.184 0.584 0.929 0.993
THR01A0011_001 0.738 0.738 0.738 0.739 0.739 0.739 0.740 0.742 0.752 0.783 0.797 0.797 0.813 0.831 0.834
THR01A0011_002 0.262 0.262 0.262 0.261 0.261 0.261 0.260 0.258 0.248 0.217 0.203 0.203 0.187 0.169 0.166
PRO01A0013_001 1.000 1.000 1.000 1.000 1.000 1.000 1.000 1.000 1.000 1.000 1.000 1.000 1.000 1.000 1.000
CYD01A0014_001 1.000 1.000 1.000 1.000 1.000 1.000 1.000 1.000 1.000 1.000 1.000 1.000 1.000 1.000 1.000
LYS01A0015_001 0.000 0.000 0.000 0.000 0.000 0.000 0.000 0.000 0.005 0.047 0.307 0.799 0.970 0.996 1.000
LYS+1A0015_002 1.000 1.000 1.000 1.000 1.000 1.000 1.000 1.000 0.995 0.953 0.693 0.201 0.030 0.004 0.000
ALA01A0016_001 1.000 1.000 1.000 1.000 1.000 1.000 1.000 1.000 1.000 1.000 1.000 1.000 1.000 1.000 1.000
ARG01A0017_001 0.000 0.000 0.000 0.000 0.000 0.000 0.000 0.000 0.000 0.000 0.002 0.009 0.056 0.328 0.637
ARG02A0017_002 0.000 0.000 0.000 0.000 0.000 0.000 0.000 0.000 0.000 0.000 0.000 0.001 0.009 0.056 0.115
ARG03A0017_003 0.000 0.000 0.000 0.000 0.000 0.000 0.000 0.000 0.000 0.000 0.000 0.001 0.012 0.062 0.131
ARG+1A0017_004 1.000 1.000 1.000 1.000 1.000 1.000 1.000 1.000 1.000 1.000 0.998 0.988 0.923 0.554 0.117
ILE01A0018_001 1.000 1.000 1.000 1.000 1.000 1.000 1.000 1.000 1.000 1.000 1.000 1.000 1.000 1.000 1.000
ILE01A0019_001 1.000 1.000 1.000 1.000 1.000 1.000 1.000 1.000 1.000 1.000 1.000 1.000 1.000 1.000 1.000
ARG01A0020_001 0.000 0.000 0.000 0.000 0.000 0.000 0.000 0.000 0.000 0.000 0.000 0.000 0.000 0.009 0.061
ARG02A0020_002 0.000 0.000 0.000 0.000 0.000 0.000 0.000 0.000 0.000 0.000 0.000 0.000 0.000 0.002 0.013
ARG02A0020_003 0.000 0.000 0.000 0.000 0.000 0.000 0.000 0.000 0.000 0.000 0.000 0.000 0.000 0.000 0.000
ARG03A0020_004 0.000 0.000 0.000 0.000 0.000 0.000 0.000 0.000 0.000 0.000 0.000 0.001 0.000 0.005 0.025
ARG+1A0020_005 1.000 1.000 1.000 1.000 1.000 1.000 1.000 1.000 1.000 1.000 1.000 0.999 1.000 0.984 0.901
TYR01A0021_001 1.000 1.000 1.000 1.000 1.000 1.000 1.000 1.000 0.999 0.991 0.924 0.575 0.133 0.020 0.002
TYR-1A0021_002 0.000 0.000 0.000 0.000 0.000 0.000 0.000 0.000 0.001 0.009 0.076 0.425 0.867 0.980 0.998
PHE01A0022_001 1.000 1.000 1.000 1.000 1.000 1.000 1.000 1.000 1.000 1.000 1.000 1.000 1.000 1.000 1.000
TYR01A0023_001 1.000 1.000 1.000 1.000 1.000 1.000 1.000 1.000 1.000 0.998 0.987 0.911 0.566 0.148 0.054
TYR-1A0023_002 0.000 0.000 0.000 0.000 0.000 0.000 0.000 0.000 0.000 0.002 0.013 0.089 0.434 0.852 0.946
ASN01A0024_001 1.000 1.000 1.000 0.999 0.999 0.999 1.000 1.000 1.000 1.000 0.999 1.000 1.000 1.000 1.000
ASN01A0024_002 0.000 0.000 0.000 0.001 0.001 0.001 0.000 0.000 0.000 0.000 0.001 0.000 0.000 0.000 0.000
ALA01A0025_001 1.000 1.000 1.000 1.000 1.000 1.000 1.000 1.000 1.000 1.000 1.000 1.000 1.000 1.000 1.000
LYS01A0026_001 0.000 0.000 0.000 0.000 0.000 0.000 0.000 0.000 0.008 0.071 0.416 0.866 0.983 1.000 1.000
LYS+1A0026_002 1.000 1.000 1.000 1.000 1.000 1.000 1.000 1.000 0.992 0.929 0.584 0.134 0.017 0.000 0.000
ALA01A0027_001 1.000 1.000 1.000 1.000 1.000 1.000 1.000 1.000 1.000 1.000 1.000 1.000 1.000 1.000 1.000
LEU01A0029_001 1.000 1.000 1.000 1.000 1.000 1.000 1.000 1.000 1.000 1.000 1.000 1.000 1.000 1.000 1.000
CYD01A0030_001 1.000 1.000 1.000 1.000 1.000 1.000 1.000 1.000 1.000 1.000 1.000 1.000 1.000 1.000 1.000
GLN01A0031_001 0.058 0.058 0.058 0.059 0.058 0.058 0.059 0.060 0.061 0.062 0.066 0.069 0.071 0.068 0.074
GLN01A0031_002 0.942 0.942 0.942 0.941 0.942 0.942 0.941 0.940 0.939 0.938 0.934 0.931 0.929 0.932 0.926
THR01A0032_001 1.000 1.000 1.000 1.000 1.000 1.000 1.000 1.000 1.000 1.000 1.000 1.000 1.000 1.000 1.000
PHE01A0033_001 1.000 1.000 1.000 1.000 1.000 1.000 1.000 1.000 1.000 1.000 1.000 1.000 1.000 1.000 1.000
VAL01A0034_001 1.000 1.000 1.000 1.000 1.000 1.000 1.000 1.000 1.000 1.000 1.000 1.000 1.000 1.000 1.000
TYR01A0035_001 1.000 1.000 1.000 1.000 1.000 1.000 0.997 0.979 0.829 0.354 0.081 0.018 0.003 0.001 0.000
TYR-1A0035_002 0.000 0.000 0.000 0.000 0.000 0.000 0.003 0.021 0.171 0.646 0.919 0.982 0.997 0.999 1.000
CYD01A0038_001 1.000 1.000 1.000 1.000 1.000 1.000 1.000 1.000 1.000 1.000 1.000 1.000 1.000 1.000 1.000
ARG01A0039_001 0.000 0.000 0.000 0.000 0.000 0.000 0.000 0.000 0.000 0.000 0.001 0.007 0.063 0.391 0.637
ARG02A0039_002 0.000 0.000 0.000 0.000 0.000 0.000 0.000 0.000 0.000 0.000 0.000 0.003 0.020 0.082 0.126
ARG03A0039_003 0.000 0.000 0.000 0.000 0.000 0.000 0.000 0.000 0.000 0.000 0.000 0.003 0.023 0.102 0.160
ARG+1A0039_004 1.000 1.000 1.000 1.000 1.000 1.000 1.000 1.000 1.000 1.000 0.999 0.988 0.894 0.425 0.077
ALA01A0040_001 1.000 1.000 1.000 1.000 1.000 1.000 1.000 1.000 1.000 1.000 1.000 1.000 1.000 1.000 1.000
LYS01A0041_001 0.000 0.000 0.000 0.000 0.000 0.000 0.000 0.002 0.016 0.115 0.496 0.846 0.955 0.992 1.000
LYS+1A0041_002 1.000 1.000 1.000 1.000 1.000 1.000 1.000 0.998 0.984 0.885 0.504 0.154 0.045 0.008 0.000
ARG01A0042_001 0.000 0.000 0.000 0.000 0.000 0.000 0.000 0.000 0.000 0.000 0.000 0.013 0.038 0.217 0.497
ARG02A0042_002 0.000 0.000 0.000 0.000 0.000 0.000 0.000 0.000 0.000 0.000 0.000 0.000 0.005 0.030 0.071
ARG03A0042_003 0.000 0.000 0.000 0.000 0.000 0.000 0.000 0.000 0.000 0.000 0.000 0.000 0.016 0.091 0.228
ARG+1A0042_004 1.000 1.000 1.000 1.000 1.000 1.000 1.000 1.000 1.000 1.000 1.000 0.987 0.942 0.662 0.204
ASN01A0043_001 1.000 1.000 1.000 1.000 1.000 1.000 1.000 1.000 1.000 1.000 1.000 1.000 1.000 1.000 1.000
ASN01A0044_001 1.000 1.000 1.000 1.000 1.000 1.000 1.000 1.000 1.000 1.000 1.000 1.000 1.000 1.000 1.000
ASN01A0044_002 0.000 0.000 0.000 0.000 0.000 0.000 0.000 0.000 0.000 0.000 0.000 0.000 0.000 0.000 0.000
PHE01A0045_001 1.000 1.000 1.000 1.000 1.000 1.000 1.000 1.000 1.000 1.000 1.000 1.000 1.000 1.000 1.000
LYS01A0046_001 0.000 0.000 0.000 0.000 0.000 0.000 0.000 0.002 0.014 0.104 0.489 0.902 0.988 0.998 1.000
LYS+1A0046_002 1.000 1.000 1.000 1.000 1.000 1.000 1.000 0.998 0.986 0.896 0.511 0.098 0.012 0.002 0.000
SER01A0047_001 0.010 0.018 0.052 0.075 0.073 0.069 0.068 0.069 0.070 0.073 0.074 0.087 0.094 0.106 0.092
SER01A0047_002 0.000 0.000 0.000 0.000 0.000 0.000 0.000 0.000 0.000 0.000 0.000 0.000 0.000 0.000 0.000
SER01A0047_003 0.990 0.982 0.948 0.925 0.927 0.931 0.932 0.931 0.930 0.927 0.926 0.913 0.906 0.894 0.908
ALA01A0048_001 1.000 1.000 1.000 1.000 1.000 1.000 1.000 1.000 1.000 1.000 1.000 1.000 1.000 1.000 1.000
GLU01A0049_001 0.777 0.776 0.761 0.670 0.314 0.051 0.008 0.000 0.000 0.000 0.000 0.000 0.000 0.000 0.000
GLU01A0049_002 0.141 0.141 0.139 0.123 0.058 0.009 0.000 0.000 0.000 0.000 0.000 0.000 0.000 0.000 0.000
GLU02A0049_003 0.000 0.000 0.000 0.000 0.000 0.000 0.000 0.000 0.000 0.000 0.000 0.000 0.000 0.000 0.000
GLU02A0049_004 0.082 0.082 0.081 0.072 0.034 0.005 0.001 0.000 0.000 0.000 0.000 0.000 0.000 0.000 0.000
GLU-1A0049_005 0.000 0.000 0.018 0.135 0.595 0.935 0.991 1.000 1.000 1.000 1.000 1.000 1.000 1.000 1.000
ASP01A0050_001 0.001 0.000 0.000 0.000 0.000 0.000 0.000 0.000 0.000 0.000 0.000 0.000 0.000 0.000 0.000
ASP01A0050_002 0.189 0.168 0.080 0.015 0.002 0.000 0.000 0.000 0.000 0.000 0.000 0.000 0.000 0.000 0.000
ASP02A0050_003 0.241 0.214 0.099 0.016 0.002 0.000 0.000 0.000 0.000 0.000 0.000 0.000 0.000 0.000 0.000
ASP02A0050_004 0.555 0.492 0.231 0.039 0.005 0.000 0.000 0.000 0.000 0.000 0.000 0.000 0.000 0.000 0.000
ASP-1A0050_005 0.014 0.126 0.590 0.930 0.990 1.000 1.000 1.000 1.000 1.000 1.000 1.000 1.000 1.000 1.000
CYD01A0051_001 1.000 1.000 1.000 1.000 1.000 1.000 1.000 1.000 1.000 1.000 1.000 1.000 1.000 1.000 1.000
MET01A0052_001 1.000 1.000 1.000 1.000 1.000 1.000 1.000 1.000 1.000 1.000 1.000 1.000 1.000 1.000 1.000
ARG01A0053_001 0.000 0.000 0.000 0.000 0.000 0.000 0.000 0.000 0.000 0.000 0.000 0.000 0.005 0.050 0.158
ARG02A0053_002 0.000 0.000 0.000 0.000 0.000 0.000 0.000 0.000 0.000 0.000 0.000 0.000 0.003 0.028 0.110
ARG03A0053_003 0.000 0.000 0.000 0.000 0.000 0.000 0.000 0.000 0.000 0.000 0.000 0.000 0.001 0.011 0.038
ARG03A0053_004 0.000 0.000 0.000 0.000 0.000 0.000 0.000 0.000 0.000 0.000 0.000 0.000 0.000 0.000 0.000
ARG+1A0053_005 1.000 1.000 1.000 1.000 1.000 1.000 1.000 1.000 1.000 1.000 1.000 1.000 0.990 0.911 0.694
THR01A0054_001 0.587 0.579 0.547 0.523 0.515 0.512 0.511 0.512 0.517 0.528 0.505 0.511 0.491 0.470 0.237
THR01A0054_002 0.413 0.421 0.453 0.477 0.485 0.488 0.489 0.488 0.483 0.472 0.495 0.489 0.509 0.530 0.763
CYD01A0055_001 1.000 1.000 1.000 1.000 1.000 1.000 1.000 1.000 1.000 1.000 1.000 1.000 1.000 1.000 1.000
ALA01A0058_001 1.000 1.000 1.000 1.000 1.000 1.000 1.000 1.000 1.000 1.000 1.000 1.000 1.000 1.000 1.000
CTR01A0058_001 0.273 0.273 0.269 0.237 0.109 0.018 0.000 0.000 0.000 0.000 0.000 0.000 0.000 0.000 0.000
CTR01A0058_002 0.294 0.293 0.288 0.251 0.117 0.019 0.004 0.000 0.000 0.000 0.000 0.000 0.000 0.000 0.000
CTR02A0058_003 0.115 0.115 0.113 0.101 0.048 0.008 0.000 0.000 0.000 0.000 0.000 0.000 0.000 0.000 0.000
CTR02A0058_004 0.318 0.318 0.314 0.277 0.130 0.021 0.004 0.000 0.000 0.000 0.000 0.000 0.000 0.000 0.000
CTR-1A0058_005 0.000 0.002 0.016 0.134 0.596 0.934 0.992 1.000 1.000 1.000 1.000 1.000 1.000 1.000 1.000
